923011027313
923016562821
923015662183
923011555697
923015676474
923014554066
923012781135
923016776557
923019834646
923014067690
923014336457
923010581234
923011029923
923012427113
923011511204
923012586867
923017090303
923015098233
923019578038
923017260830
923017696529
923019693249
923018852862
923013177528
923011425703
923014422480
923017717011
923018828757
923018481109
923019011441
923017819028
923019400499
923012889957
923019953160
923015590562
923014247993
923015490065
923010319704
923015032235
923015748177
923017562718
923016131663
923011384617
923016202912
923017126457
923017295326
923016566419
923010799849
923019841767
923019956905
923017814519
923011825709
923017568690
923011765324
923010227716
923019113080
923015952287
923019893738
923013172847
923015820245
923015058894
923012414745
923015642154
923015630739
923019815413
923011512381
923011147303
923017949201
923011305424
923013899950
923013077461
923019882694
923011687603
923014973392
923014240904
923014338958
923014512350
923010219407
923015558698
923018891914
923017139454
923016395991
923015270928
923011207362
923010011589
923016518628
923014610843
923016605397
923015361131
923017928762
923014902930
923017722917
923016505294
923018328056
923010778130
923014779221
923013483464
923013569715
923015535419
923017234549
923016191470
